"chr","start","end","length","count","peak"
"chr1",132804,133006,202,25,132924
"chr1",880316,880947,631,21,880447
"chr1",881047,881452,405,20,881290
"chr1",881507,881712,205,10,881627
"chr1",886250,886572,322,7,886353
"chr1",890367,890750,383,10,890607
"chr1",892501,892739,238,6,892558
"chr1",892845,893158,313,13,892947
"chr1",893623,893922,299,17,893687
"chr1",934832,935074,242,9.1,934928
"chr1",1015255,1016106,851,22,1015385
"chr1",1016275,1016651,376,20,1016391
"chr1",1023187,1023479,292,14,1023302
"chr1",1024510,1024800,290,12,1024655
"chr1",1024858,1025133,275,10,1025031
"chr1",1027561,1027886,325,14,1027738
"chr1",1028136,1028433,297,11,1028294
"chr1",1029038,1029415,377,16,1029295
"chr1",1032623,1032920,297,17,1032714
"chr1",1033474,1033712,238,21,1033586
"chr1",1034027,1034247,220,14,1034138
"chr1",1036617,1036835,218,17,1036719
"chr1",1043457,1044455,998,25,1043664
"chr1",1047740,1048158,418,19,1047879
"chr1",1151843,1152312,469,29,1152011
"chr1",1153992,1154625,633,22,1154242
"chr1",1154685,1155309,624,21,1155038
"chr1",1162416,1162680,264,15,1162510
"chr1",1162859,1163064,205,6,1162955
"chr1",1163096,1163301,205,7,1163239
"chr1",1163373,1163803,430,11,1163500
"chr1",1163847,1164140,293,15,1163970
"chr1",1164174,1164560,386,15,1164310
"chr1",1164677,1165646,969,23,1165221
"chr1",1182424,1182651,227,8.1,1182455
"chr1",1192866,1193579,713,15,1193306
"chr1",1202892,1203574,682,16,1203191
"chr1",1229810,1230112,302,11,1229846
"chr1",1236658,1237382,724,28,1236974
"chr1",1245667,1245867,200,7,1245772
"chr1",1248096,1248469,373,15,1248220
"chr1",1254256,1254595,339,9.1,1254330
"chr1",1262504,1262805,301,8.1,1262647
"chr1",1267722,1268112,390,16,1267974
"chr1",1268144,1268764,620,13,1268338
"chr1",1275264,1275706,442,11,1275644
"chr1",1278582,1279110,528,14,1278808
"chr1",1280301,1280801,500,11,1280438
"chr1",1281140,1281858,718,13,1281239
"chr1",1282549,1282803,254,9.1,1282612
"chr1",1306006,1307008,1002,26,1306106
"chr1",1308499,1309144,645,14,1309034
"chr1",1309183,1309681,498,9.1,1309415
"chr1",1309753,1310170,417,8.1,1310118
"chr1",1310229,1310729,500,16,1310456
"chr1",1317649,1318142,493,29,1317805
"chr1",1321158,1321558,400,21,1321287
"chr1",1338259,1338486,227,13,1338375
"chr1",1339539,1339752,213,20,1339649
"chr1",1340454,1340777,323,17,1340555
"chr1",1341459,1341721,262,15,1341598
"chr1",1460507,1460739,232,10,1460591
"chr1",1464055,1464287,232,9.1,1464184
"chr1",1468021,1468461,440,11,1468272
"chr1",1468499,1468754,255,12,1468602
"chr1",1472775,1473010,235,12,1472887
"chr1",1473149,1473435,286,8.1,1473247
"chr1",1473652,1474855,1203,21,1474098
"chr1",1477390,1478380,990,18,1477531
"chr1",1478434,1478660,226,6,1478624
"chr1",1479628,1479970,342,11,1479871
"chr1",1480017,1480357,340,29,1480208
"chr1",1480396,1480806,410,21,1480519
"chr1",1485903,1486556,653,14,1486443
"chr1",1494062,1494304,242,36,1494188
"chr1",1494974,1496103,1129,35,1495830
"chr1",1532910,1533119,209,10,1533013
"chr1",1550782,1551112,330,27,1550905
"chr1",1572842,1573234,392,23,1573106
"chr1",1573640,1573866,226,18,1573773
"chr1",1573976,1574313,337,9.1,1574171
"chr1",1574358,1574682,324,10,1574507
"chr1",1574842,1575235,393,17,1575085
"chr1",1575665,1575942,277,13,1575800
"chr1",1576249,1576816,567,10,1576332
"chr1",1580434,1580742,308,32,1580571
"chr1",1580774,1581028,254,10,1580923
"chr1",1581235,1581461,226,13,1581335
"chr1",1585278,1585524,246,19,1585404
"chr1",1596719,1596964,245,12,1596841
"chr1",1607653,1608096,443,23,1607795
"chr1",1608807,1609128,321,11,1609034
"chr1",1614899,1615262,363,18,1615055
"chr1",1615414,1615639,225,10,1615517
"chr1",1634405,1634608,203,17,1634499
"chr1",1634770,1634977,207,9.1,1634861
"chr1",1635042,1635278,236,9.1,1635135
"chr1",1635592,1635862,270,8.1,1635727
"chr1",1636050,1636433,383,21,1636145
"chr1",1636477,1636969,492,20,1636822
"chr1",1637035,1637237,202,10,1637114
"chr1",1638409,1638774,365,15,1638539
"chr1",1640206,1640626,420,28,1640337
"chr1",1641070,1641385,315,12,1641212
"chr1",1649109,1650048,939,24,1649800
"chr1",1650104,1650701,597,42,1650393
"chr1",1651120,1651379,259,7,1651307
"chr1",1660838,1661072,234,14,1660957
"chr1",1662569,1662812,243,24,1662710
"chr1",1665693,1665943,250,10,1665828
"chr1",1671226,1671519,293,13,1671405
"chr1",1671628,1672029,401,8.1,1671796
"chr1",1684339,1684753,414,15,1684431
"chr1",1685618,1686648,1030,32,1685944
"chr1",1692338,1692612,274,20,1692476
"chr1",1692740,1692957,217,11,1692819
"chr1",1693029,1693231,202,12,1693137
"chr1",1698341,1698617,276,27,1698475
"chr1",1699353,1699598,245,11,1699488
"chr1",1703254,1703458,204,12,1703343
"chr1",1703641,1703856,215,16,1703751
"chr1",1711700,1712089,389,9.1,1711952
"chr1",1726574,1726956,382,23,1726673
"chr1",1728032,1728235,203,10,1728152
"chr1",1742542,1742759,217,9.1,1742658
"chr1",1742853,1743124,271,10,1742991
"chr1",1748125,1748487,362,23,1748296
"chr1",1761708,1761927,219,24,1761806
"chr1",1763221,1763432,211,14,1763347
"chr1",1768700,1768956,256,15,1768810
"chr1",1768991,1769241,250,22,1769099
"chr1",1769884,1770154,270,18,1770062
"chr1",1771559,1771958,399,12,1771842
"chr1",1772363,1772582,219,13,1772451
"chr1",1784219,1784641,422,32,1784542
"chr1",1787869,1788106,237,9.1,1787975
"chr1",1788731,1788969,238,8.1,1788853
"chr1",1797406,1797664,258,28,1797540
"chr1",1799943,1800209,266,9.1,1800046
"chr1",1802780,1803681,901,41,1803539
"chr1",1806635,1806875,240,23,1806746
"chr1",1810866,1811134,268,13,1811011
"chr1",1811366,1811662,296,38,1811496
"chr1",1811757,1812022,265,27,1811901
"chr1",1812524,1812810,286,9.1,1812665
"chr1",1812875,1813193,318,10,1812927
"chr1",1815407,1815940,533,31,1815512
"chr1",1819098,1819344,246,14,1819241
"chr1",1820002,1820270,268,18,1820170
"chr1",1821384,1821716,332,20,1821513
"chr1",1847417,1847834,417,16,1847553
"chr1",1848870,1849212,342,10,1848924
"chr1",1874462,1874676,214,10,1874572
"chr1",2109626,2109890,264,7,2109719
"chr1",2112678,2113068,390,14,2112869
"chr1",2117366,2117645,279,12,2117475
"chr1",2117703,2117944,241,10,2117901
"chr1",2117979,2118228,249,14,2118073
"chr1",2122199,2122759,560,42,2122461
"chr1",2123244,2123579,335,8.1,2123369
"chr1",2126327,2127251,924,20,2126460
"chr1",2128416,2128621,205,8.1,2128502
"chr1",2130390,2130702,312,7,2130628
"chr1",2136803,2137213,410,10,2136928
"chr1",2140546,2140861,315,14,2140680
"chr1",2140934,2141665,731,13,2141066
"chr1",2142192,2142627,435,8.1,2142429
"chr1",2155808,2156015,207,17,2155902
"chr1",2158282,2158504,222,8.1,2158332
"chr1",2240162,2240674,512,12,2240550
"chr1",2241696,2241919,223,8.1,2241776
"chr1",2242223,2242424,201,12,2242320
"chr1",2243245,2244335,1090,17,2243893
"chr1",2244377,2244728,351,8.1,2244702
"chr1",2244785,2245275,490,12,2245153
"chr1",2271378,2271717,339,10,2271482
"chr1",2275079,2275280,201,9.1,2275178
"chr1",2278198,2278422,224,10,2278310
"chr1",2278512,2278933,421,10,2278626
"chr1",2279017,2279314,297,7,2279117
"chr1",2279620,2280114,494,8.1,2279845
"chr1",2282353,2283153,800,10,2282586
"chr1",2285089,2285337,248,9.1,2285189
"chr1",2285978,2286327,349,13,2286090
"chr1",2304707,2304925,218,7,2304805
"chr1",2310976,2311176,200,13,2311051
"chr1",2311354,2311938,584,16,2311502
"chr1",2312008,2312978,970,19,2312460
"chr1",2313176,2313623,447,9.1,2313396
"chr1",2317063,2317311,248,16,2317187
"chr1",2317346,2318441,1095,16,2318026
"chr1",2318493,2318966,473,11,2318823
"chr1",2321165,2321424,259,14,2321286
"chr1",2321478,2321870,392,11,2321567
"chr1",2321902,2322122,220,12,2321983
"chr1",2332794,2333078,284,13,2332963
"chr1",2334052,2334320,268,10,2334199
"chr1",2334765,2334996,231,12,2334906
"chr1",2337441,2337757,316,8.1,2337629
"chr1",2338348,2339025,677,14,2338489
"chr1",2339074,2339307,233,14,2339188
"chr1",2428503,2428939,436,11,2428648
"chr1",2430098,2430362,264,8.1,2430269
"chr1",2431195,2432250,1055,32,2431725
"chr1",2443166,2443699,533,14,2443304
"chr1",2444065,2444862,797,12,2444182
"chr1",2454107,2454308,201,15,2454232
"chr1",2516428,2516986,558,15,2516503
"chr1",2517124,2517427,303,9.1,2517313
"chr1",2533810,2534045,235,10,2533903
"chr1",2535222,2535529,307,7,2535286
"chr1",2536345,2536627,282,11,2536444
"chr1",2565717,2565950,233,18,2565839
"chr1",2566636,2567499,863,20,2567297
"chr1",2568110,2568638,528,34,2568259
"chr1",2568847,2569527,680,26,2569202
"chr1",2571742,2572418,676,14,2572278
"chr1",2977275,2978330,1055,12,2977400
"chr1",2980294,2980578,284,7,2980431
"chr1",2981524,2981888,364,17,2981745
"chr1",2982233,2982767,534,13,2982363
